 -0.666666,-0.666666,-0.666666,-0.666666,-0.666666,-0.666666,-0.666666,1,1,1,1,1,1,1,1
 -0.666666,-0.666666,-0.666666,1,1,1,1,1,1,1,1,-0.666666,-0.666666,-0.666666,-0.666666
 -0.666666,-0.666666,-0.666666,1,1,1,1,-0.666666,-0.666666,-0.666666,-0.666666,1,1,1,1
 -0.666666,1,1,1,1,-0.666666,-0.666666,-0.666666,-0.666666,1,1,1,1,-0.666666,-0.666666
 -0.666666,1,1,1,1,-0.666666,-0.666666,1,1,-0.666666,-0.666666,-0.666666,-0.666666,1,1
 -0.666666,1,1,-0.666666,-0.666666,1,1,1,1,-0.666666,-0.666666,1,1,-0.666666,-0.666666
 -0.666666,1,1,-0.666666,-0.666666,1,1,-0.666666,-0.666666,1,1,-0.666666,-0.666666,1,1
 1,1,-0.666666,-0.666666,1,1,-0.666666,-0.666666,1,1,-0.666666,-0.666666,1,1,-0.666666
 1,1,-0.666666,-0.666666,1,1,-0.666666,1,-0.666666,-0.666666,1,1,-0.666666,-0.666666,1
 1,1,-0.666666,1,-0.666666,-0.666666,1,1,-0.666666,-0.666666,1,-0.666666,1,1,-0.666666
 1,1,-0.666666,1,-0.666666,-0.666666,1,-0.666666,1,1,-0.666666,1,-0.666666,-0.666666,1
 1,-0.666666,1,1,-0.666666,1,-0.666666,-0.666666,1,-0.666666,1,1,-0.666666,1,-0.666666
 1,-0.666666,1,1,-0.666666,1,-0.666666,1,-0.666666,1,-0.666666,-0.666666,1,-0.666666,1
 1,-0.666666,1,-0.666666,1,-0.666666,1,1,-0.666666,1,-0.666666,1,-0.666666,1,-0.666666
 1,-0.666666,1,-0.666666,1,-0.666666,1,-0.666666,1,-0.666666,1,-0.666666,1,-0.666666,1