 -0.738796,-0.738796,-0.738796,-0.738796,-0.738796,-0.738796,-0.738796,-0.738796,-0.738796,-0.738796,-0.738796,-0.738796,-0.738796,-0.738796,-0.738796,1,1,1,1,1,1,1,1,1,1,1,1,1,1,1,1
 -0.738796,-0.738796,-0.738796,-0.738796,-0.738796,-0.738796,-0.738796,1,1,1,1,1,1,1,1,1,1,1,1,1,1,1,1,-0.738796,-0.738796,-0.738796,-0.738796,-0.738796,-0.738796,-0.738796,-0.738796
 -0.738796,-0.738796,-0.738796,-0.738796,-0.738796,-0.738796,-0.738796,1,1,1,1,1,1,1,1,-0.738796,-0.738796,-0.738796,-0.738796,-0.738796,-0.738796,-0.738796,-0.738796,1,1,1,1,1,1,1,1
 -0.738796,-0.738796,-0.738796,1,1,1,1,1,1,1,1,-0.738796,-0.738796,-0.738796,-0.738796,-0.738796,-0.738796,-0.738796,-0.738796,1,1,1,1,1,1,1,1,-0.738796,-0.738796,-0.738796,-0.738796
 -0.738796,-0.738796,-0.738796,1,1,1,1,1,1,1,1,-0.738796,-0.738796,-0.738796,-0.738796,1,1,1,1,-0.738796,-0.738796,-0.738796,-0.738796,-0.738796,-0.738796,-0.738796,-0.738796,1,1,1,1
 -0.738796,-0.738796,-0.738796,1,1,1,1,-0.738796,-0.738796,-0.738796,-0.738796,1,1,1,1,1,1,1,1,-0.738796,-0.738796,-0.738796,-0.738796,1,1,1,1,-0.738796,-0.738796,-0.738796,-0.738796
 -0.738796,-0.738796,-0.738796,1,1,1,1,-0.738796,-0.738796,-0.738796,-0.738796,1,1,1,1,-0.738796,-0.738796,-0.738796,-0.738796,1,1,1,1,-0.738796,-0.738796,-0.738796,-0.738796,1,1,1,1
 -0.738796,1,1,1,1,-0.738796,-0.738796,-0.738796,-0.738796,1,1,1,1,-0.738796,-0.738796,-0.738796,-0.738796,1,1,1,1,-0.738796,-0.738796,-0.738796,-0.738796,1,1,1,1,-0.738796,-0.738796
 -0.738796,1,1,1,1,-0.738796,-0.738796,-0.738796,-0.738796,1,1,1,1,-0.738796,-0.738796,1,1,-0.738796,-0.738796,-0.738796,-0.738796,1,1,1,1,-0.738796,-0.738796,-0.738796,-0.738796,1,1
 -0.738796,1,1,1,1,-0.738796,-0.738796,1,1,-0.738796,-0.738796,-0.738796,-0.738796,1,1,1,1,-0.738796,-0.738796,-0.738796,-0.738796,1,1,-0.738796,-0.738796,1,1,1,1,-0.738796,-0.738796
 -0.738796,1,1,1,1,-0.738796,-0.738796,1,1,-0.738796,-0.738796,-0.738796,-0.738796,1,1,-0.738796,-0.738796,1,1,1,1,-0.738796,-0.738796,1,1,-0.738796,-0.738796,-0.738796,-0.738796,1,1
 -0.738796,1,1,-0.738796,-0.738796,1,1,1,1,-0.738796,-0.738796,1,1,-0.738796,-0.738796,-0.738796,-0.738796,1,1,-0.738796,-0.738796,1,1,1,1,-0.738796,-0.738796,1,1,-0.738796,-0.738796
 -0.738796,1,1,-0.738796,-0.738796,1,1,1,1,-0.738796,-0.738796,1,1,-0.738796,-0.738796,1,1,-0.738796,-0.738796,1,1,-0.738796,-0.738796,-0.738796,-0.738796,1,1,-0.738796,-0.738796,1,1
 -0.738796,1,1,-0.738796,-0.738796,1,1,-0.738796,-0.738796,1,1,-0.738796,-0.738796,1,1,1,1,-0.738796,-0.738796,1,1,-0.738796,-0.738796,1,1,-0.738796,-0.738796,1,1,-0.738796,-0.738796
 -0.738796,1,1,-0.738796,-0.738796,1,1,-0.738796,-0.738796,1,1,-0.738796,-0.738796,1,1,-0.738796,-0.738796,1,1,-0.738796,-0.738796,1,1,-0.738796,-0.738796,1,1,-0.738796,-0.738796,1,1
 1,1,-0.738796,-0.738796,1,1,-0.738796,-0.738796,1,1,-0.738796,-0.738796,1,1,-0.738796,-0.738796,1,1,-0.738796,-0.738796,1,1,-0.738796,-0.738796,1,1,-0.738796,-0.738796,1,1,-0.738796
 1,1,-0.738796,-0.738796,1,1,-0.738796,-0.738796,1,1,-0.738796,-0.738796,1,1,-0.738796,1,-0.738796,-0.738796,1,1,-0.738796,-0.738796,1,1,-0.738796,-0.738796,1,1,-0.738796,-0.738796,1
 1,1,-0.738796,-0.738796,1,1,-0.738796,1,-0.738796,-0.738796,1,1,-0.738796,-0.738796,1,1,-0.738796,-0.738796,1,1,-0.738796,-0.738796,1,-0.738796,1,1,-0.738796,-0.738796,1,1,-0.738796
 1,1,-0.738796,-0.738796,1,1,-0.738796,1,-0.738796,-0.738796,1,1,-0.738796,-0.738796,1,-0.738796,1,1,-0.738796,-0.738796,1,1,-0.738796,1,-0.738796,-0.738796,1,1,-0.738796,-0.738796,1
 1,1,-0.738796,1,-0.738796,-0.738796,1,1,-0.738796,-0.738796,1,-0.738796,1,1,-0.738796,-0.738796,1,1,-0.738796,1,-0.738796,-0.738796,1,1,-0.738796,-0.738796,1,-0.738796,1,1,-0.738796
 1,1,-0.738796,1,-0.738796,-0.738796,1,1,-0.738796,-0.738796,1,-0.738796,1,1,-0.738796,1,-0.738796,-0.738796,1,-0.738796,1,1,-0.738796,-0.738796,1,1,-0.738796,1,-0.738796,-0.738796,1
 1,1,-0.738796,1,-0.738796,-0.738796,1,-0.738796,1,1,-0.738796,1,-0.738796,-0.738796,1,1,-0.738796,-0.738796,1,-0.738796,1,1,-0.738796,1,-0.738796,-0.738796,1,-0.738796,1,1,-0.738796
 1,1,-0.738796,1,-0.738796,-0.738796,1,-0.738796,1,1,-0.738796,1,-0.738796,-0.738796,1,-0.738796,1,1,-0.738796,1,-0.738796,-0.738796,1,-0.738796,1,1,-0.738796,1,-0.738796,-0.738796,1
 1,-0.738796,1,1,-0.738796,1,-0.738796,-0.738796,1,-0.738796,1,1,-0.738796,1,-0.738796,-0.738796,1,-0.738796,1,1,-0.738796,1,-0.738796,-0.738796,1,-0.738796,1,1,-0.738796,1,-0.738796
 1,-0.738796,1,1,-0.738796,1,-0.738796,-0.738796,1,-0.738796,1,1,-0.738796,1,-0.738796,1,-0.738796,1,-0.738796,-0.738796,1,-0.738796,1,1,-0.738796,1,-0.738796,-0.738796,1,-0.738796,1
 1,-0.738796,1,1,-0.738796,1,-0.738796,1,-0.738796,1,-0.738796,-0.738796,1,-0.738796,1,1,-0.738796,1,-0.738796,-0.738796,1,-0.738796,1,-0.738796,1,-0.738796,1,1,-0.738796,1,-0.738796
 1,-0.738796,1,1,-0.738796,1,-0.738796,1,-0.738796,1,-0.738796,-0.738796,1,-0.738796,1,-0.738796,1,-0.738796,1,1,-0.738796,1,-0.738796,1,-0.738796,1,-0.738796,-0.738796,1,-0.738796,1
 1,-0.738796,1,-0.738796,1,-0.738796,1,1,-0.738796,1,-0.738796,1,-0.738796,1,-0.738796,-0.738796,1,-0.738796,1,-0.738796,1,-0.738796,1,1,-0.738796,1,-0.738796,1,-0.738796,1,-0.738796
 1,-0.738796,1,-0.738796,1,-0.738796,1,1,-0.738796,1,-0.738796,1,-0.738796,1,-0.738796,1,-0.738796,1,-0.738796,1,-0.738796,1,-0.738796,-0.738796,1,-0.738796,1,-0.738796,1,-0.738796,1
 1,-0.738796,1,-0.738796,1,-0.738796,1,-0.738796,1,-0.738796,1,-0.738796,1,-0.738796,1,1,-0.738796,1,-0.738796,1,-0.738796,1,-0.738796,1,-0.738796,1,-0.738796,1,-0.738796,1,-0.738796
 1,-0.738796,1,-0.738796,1,-0.738796,1,-0.738796,1,-0.738796,1,-0.738796,1,-0.738796,1,-0.738796,1,-0.738796,1,-0.738796,1,-0.738796,1,-0.738796,1,-0.738796,1,-0.738796,1,-0.738796,1